0.0982 0.9202 0.0026
0.0056 0.4107 0.9678
0.9991 0.0000 0.0042
0.7911 0.2706 0.8796
0.9992 0.0016 0.0026
0.0239 0.0433 0.9990
0.0324 0.1327 0.9989
0.0528 0.9641 0.4214
0.2172 0.0221 0.8670
0.0151 0.1495 0.9995
0.0410 0.9949 0.0024
0.5927 0.1250 0.9971
0.0066 0.9825 0.0026
0.7819 0.0301 0.2482
0.9958 0.0024 0.0012
0.1113 0.0200 0.9626
0.7523 0.0717 0.2230
0.9985 0.0012 0.0010
0.0946 0.9440 0.9923
0.0454 0.0446 0.9980
0.8946 0.0396 0.8967
0.3665 0.4242 0.9949
0.2182 0.8973 0.6895
0.1678 0.6416 0.9988
0.0443 0.5859 0.5513
0.9112 0.0643 0.0027
0.4393 0.0349 0.9464
0.0056 0.0092 0.9996
0.5537 0.0014 0.9844
0.9964 0.0014 0.0003
0.2147 0.8150 0.7527
0.0953 0.0095 0.9997
0.9564 0.0017 0.0067
0.8770 0.0279 0.0197
0.0365 0.9927 0.0517
0.1376 0.0133 0.9993
0.0039 0.0509 0.9999
0.9956 0.0028 0.0000
0.0126 0.0231 0.9337
0.9667 0.0135 0.0001
0.4719 0.1659 0.9577
0.6585 0.1531 0.0114
0.0137 0.9965 0.4959
0.0200 0.9937 0.9976
0.0563 0.8762 0.9648
0.8451 0.0866 0.0299
0.9951 0.0024 0.0023
0.0052 0.9472 0.9996
0.9980 0.0011 0.1966
0.9973 0.0003 0.0226
0.0731 0.0470 0.9994
0.0582 0.2140 0.7959
0.9983 0.0012 0.0005
0.5589 0.1250 0.0001
0.2272 0.3483 0.2385
0.0088 0.9935 0.7877
0.4853 0.0510 0.0610
0.7576 0.0198 0.9958
0.0083 0.0484 0.9983
0.7726 0.0692 0.0024
0.9726 0.0427 0.9350
0.3979 0.6099 0.9977
0.0256 0.4833 0.9876
0.9993 0.0007 0.0002
0.0033 0.3166 0.9892
0.0223 0.0615 0.9974
0.0406 0.1165 0.9985
0.0658 0.0047 0.9996
0.0330 0.0090 0.9993
0.9830 0.0139 0.0014
0.3753 0.0151 0.7049
0.0325 0.9852 0.0116
0.4876 0.0022 0.7821
0.5200 0.3165 0.9994
0.1536 0.0245 0.9452
0.0027 0.9818 0.9190
0.5502 0.8311 0.0307
0.0044 0.0933 0.9999
0.4904 0.0025 0.8917
0.4129 0.5848 0.8372
0.1303 0.1051 0.9973
0.0291 0.9474 0.9984
0.8878 0.0439 0.8945
0.5335 0.1827 0.0024
0.0495 0.9362 0.9989
0.0506 0.8004 0.0404
0.3134 0.6778 0.0009
0.0458 0.9133 0.1403
0.9980 0.0255 0.0006
0.8339 0.0296 0.0011
0.0101 0.3000 0.9938
0.0624 0.0385 0.9952
0.9850 0.0824 0.0018
0.0260 0.0734 0.9934
0.9458 0.0141 0.0077
0.3175 0.0407 0.9854
0.0003 0.9976 0.9107
0.1480 0.0529 0.9990
0.0340 0.0045 0.9996
0.0085 0.1274 0.9815
0.0115 0.9756 0.0467
0.5855 0.0053 0.7941
0.6334 0.5490 0.0010
0.4056 0.0545 0.9411
0.0028 0.3036 0.9997
0.1250 0.8455 0.8511
0.4614 0.0845 0.7663
0.9966 0.0126 0.0010
0.0504 0.0056 0.8603
0.2894 0.0472 0.9930
0.2294 0.0170 0.9635
0.0496 0.0916 0.9999
0.3185 0.2559 0.2305
0.9977 0.0006 0.9957
0.3150 0.3011 0.9727
0.0285 0.9700 0.0167
0.9127 0.0191 0.0176
0.2887 0.6171 0.6401
0.0243 0.0060 0.9995
0.4091 0.8378 0.0005
0.9909 0.0205 0.0001
0.0056 0.9950 0.0001
0.7849 0.0040 0.6017
0.9756 0.1297 0.0020
0.0048 0.0791 0.9979
0.5926 0.1056 0.8395
0.0606 0.0170 0.9937
0.9996 0.0003 0.0772
0.7765 0.0445 0.0002
0.5130 0.0345 0.8581
0.0014 0.0238 0.9988
0.0758 0.8303 0.9975
0.8198 0.0517 0.9519
0.1443 0.8582 0.2279
0.1508 0.5278 0.9160
0.4288 0.1748 0.9269
0.0312 0.8222 0.9966
0.9959 0.0005 0.0009
0.9783 0.0978 0.0003
0.0307 0.9423 0.9916
0.7753 0.1013 0.1170
0.2113 0.0038 0.8857
0.0668 0.9740 0.0029
0.0022 0.0142 0.9991
0.8607 0.0781 0.0241
0.0274 0.8920 0.9339
0.9254 0.0216 0.9999
0.0210 0.0184 0.9997
0.0454 0.9905 0.0003
0.5347 0.5445 0.0049
0.0469 0.7324 0.0003
0.2968 0.3431 0.9983
0.0008 0.9990 0.9176
0.0483 0.9385 0.0012
0.0515 0.9362 0.9994
0.0831 0.1590 0.7621
0.0472 0.0189 0.9643
0.1998 0.2082 0.9996
0.8244 0.1719 0.9946
0.0149 0.9860 0.4944
0.0125 0.8205 0.9991
0.6766 0.0006 0.9999
0.9984 0.0003 0.0025
0.7061 0.2960 0.9601
0.0254 0.7268 0.9954
0.0679 0.0242 0.9963
0.0010 0.1801 0.9973
0.0107 0.9965 0.0015
0.0935 0.9753 0.0031
0.3450 0.7856 0.5476
0.9987 0.0000 0.7986
0.0046 0.0119 0.9998
0.0059 0.2585 0.9996
0.2741 0.5550 0.4619
0.3500 0.6053 0.9290
0.8708 0.2488 0.9981
0.0159 0.1185 0.9999
0.0167 0.0306 0.9344
0.7269 0.0832 0.0172
0.0055 0.9983 0.0054
0.9931 0.0169 0.0004
0.3621 0.0173 0.9999
0.0643 0.9404 0.0228
0.2205 0.0107 0.9988
0.4795 0.6831 0.0041
0.5794 0.0467 0.3583
0.1199 0.0469 0.9882
0.0191 0.0599 0.9993
0.9340 0.0330 0.9584
0.3644 0.2339 0.0179
0.7384 0.1577 0.9929
0.5092 0.0925 0.9482
0.1859 0.6973 0.9977
0.0233 0.4599 0.9997
0.8988 0.0106 0.9403
0.0384 0.7668 0.0014
0.5691 0.0102 0.0408
0.9957 0.0063 0.0017
0.9303 0.0187 0.0002
0.0144 0.9377 0.6862
0.9949 0.0057 0.0000
0.0093 0.9893 0.1733
0.9261 0.0753 0.9977
0.5093 0.1357 0.5907
0.1835 0.0069 0.9993
0.9928 0.0075 0.9392
0.9798 0.0057 0.0002
0.9985 0.0011 0.0025
0.0387 0.0345 0.9138
0.9976 0.0007 0.0027
0.1102 0.0544 0.9855
0.0379 0.9326 0.0892
0.9841 0.0064 0.0025
0.1053 0.0263 0.9910
0.0378 0.9687 0.9830
0.0390 0.0122 0.7211
0.9956 0.0024 0.5057
0.9871 0.0229 0.8688
0.0043 0.9842 0.9974
0.0921 0.0012 1.0000
0.0837 0.8505 0.9965
0.0002 0.9995 0.9295
0.9953 0.0003 0.0006
0.9960 0.0148 0.0008
0.0504 0.0007 0.9991
0.0670 0.0530 0.9977
0.0592 0.0251 0.9988
0.8600 0.0049 0.2528
0.9925 0.0073 0.0176
0.1496 0.0072 0.9957
0.1135 0.5675 0.9874
0.0099 0.9935 0.0771
0.9783 0.0023 0.0352
0.0381 0.9441 0.0005
0.0088 0.9955 0.9607
0.4101 0.3745 0.9990
0.2883 0.4279 0.9939
0.0712 0.8994 0.0000
0.9978 0.0005 0.0001
0.0666 0.9819 0.2803
0.0354 0.9675 0.9915
0.0165 0.1017 0.5704
0.2520 0.0092 0.9997
0.0013 0.9665 1.0000
0.0027 0.9990 0.0005
0.1619 0.0200 0.9894
0.0263 0.0974 0.9949
0.0456 0.9945 0.0086
0.1742 0.3394 0.9981
0.0094 0.1381 0.9978
0.0638 0.9672 0.9997
0.0155 0.0157 0.9972
0.7123 0.4150 0.0025
0.1055 0.0163 0.9947
0.8358 0.0506 0.7674
0.1755 0.0087 0.9999
0.0201 0.1694 0.9833
0.1223 0.9252 0.9978
0.0014 0.9979 0.2130
0.5433 0.1015 0.0001
0.4815 0.7185 0.7780
0.9932 0.0096 0.0001
0.8627 0.0065 0.8402
0.1690 0.7460 0.9972
0.0060 0.0082 0.9996
0.8920 0.0157 0.9707
0.1650 0.8543 0.1440
0.4499 0.5761 0.0043
0.9875 0.0301 0.0027
0.0309 0.0343 0.8560
0.0260 0.0327 0.9999
0.2406 0.6595 0.0049
0.0039 0.9984 0.9604
0.0219 0.9339 0.0076
0.0052 0.9673 0.9839
0.1218 0.0071 0.9990
0.0407 0.9602 0.0087
0.9973 0.0021 0.0002
0.0017 0.1525 0.9999
0.9950 0.0010 0.1634
0.0897 0.9924 0.0000
0.6432 0.2591 0.0077
0.7972 0.0369 0.9677
0.0018 0.3392 0.6440
0.9976 0.0055 0.0064
0.7160 0.0179 0.9995
0.1729 0.6064 0.0145
0.9896 0.0075 0.0076
0.0022 0.9945 0.0262
0.5792 0.7090 0.9986
0.0489 0.0693 0.9970
0.2432 0.2199 0.3627
0.9957 0.0013 0.0003
0.5189 0.0325 0.9848
0.0057 0.9844 0.9965
0.0328 0.9085 0.9865
0.1077 0.4389 0.6898
0.0317 0.9665 0.0011
0.0015 0.1938 0.9512
0.3118 0.7421 0.2410
0.1508 0.2353 0.9903
0.0876 0.0284 0.9991
0.0052 0.9563 0.9999
0.5429 0.6603 0.4633
0.2525 0.1018 0.7517
0.2471 0.1302 0.8059
0.5861 0.1308 0.9930
0.0529 0.6733 0.9997
0.0797 0.0783 1.0000
0.4836 0.0949 0.9997
0.3584 0.7900 0.8966
0.9996 0.0006 0.0062
0.0393 0.0401 0.9871
0.0183 0.9489 0.2101
0.0165 0.9667 0.9974
0.0050 0.1303 0.9995
0.8673 0.0129 0.9561
0.9994 0.0006 0.0032
0.5498 0.3046 0.8797
0.0032 0.0330 0.9985
0.6917 0.6525 0.8229
0.7929 0.0299 0.2172
0.0213 0.8066 0.9861
0.1039 0.0034 0.9999
0.9995 0.0001 0.0040
0.5791 0.0850 0.8052
0.7595 0.0441 0.3988
0.0088 0.3270 0.9733
0.1053 0.7436 0.8909
0.9933 0.0039 0.0008
0.0213 0.9930 0.6887
0.0037 0.3561 0.9993
0.9977 0.0017 0.0015
0.0095 0.9145 0.7630
0.0006 0.9568 0.9999
0.4278 0.0003 0.9987
0.1035 0.8656 0.0100
0.4098 0.8984 0.0106
0.9966 0.0018 0.0073
0.4320 0.2362 0.9968
0.7620 0.4079 0.0012
0.2984 0.1005 0.6335
0.9992 0.0003 0.0030
0.1034 0.0210 0.9903
0.0685 0.9722 0.0044
0.0223 0.9918 0.0007
0.6999 0.0851 0.9699
0.0186 0.5089 0.9960
0.0144 0.9957 0.0115
0.7422 0.0582 0.0017
0.9549 0.0884 0.0004
0.0469 0.3402 0.8198
0.8342 0.0331 0.0609
0.1026 0.0032 0.9994
0.4329 0.1559 0.9981
0.0941 0.0011 0.9972
0.0351 0.1761 0.8854
0.1778 0.3544 0.9893
0.0954 0.9773 0.0178
0.0274 0.4577 0.9994
0.0039 0.9986 0.9905
0.0039 0.0139 0.9999
0.1618 0.0080 0.9994
0.0052 0.1759 0.9829
0.7668 0.0604 0.9829
0.9630 0.0219 0.0001
0.1002 0.0039 0.9956
1.0000 0.0000 0.0014
0.1862 0.0225 0.2718
0.9779 0.0021 0.0003
0.9131 0.0547 0.0142
0.0029 0.0801 0.9963
0.9519 0.0445 0.0017
0.9995 0.0006 0.0000
0.3834 0.0222 0.9994
0.0309 0.9969 0.9983
0.8730 0.0128 0.9982
0.5638 0.1429 0.8792
0.1665 0.0149 0.9975
0.9320 0.0077 0.0005
0.0015 0.9846 0.9828
0.9975 0.0017 0.0000
0.0015 0.9921 0.6644
0.0187 0.9959 0.9970
0.0989 0.0077 0.8849
0.9920 0.0035 0.3561
0.0065 0.4529 0.9988
0.0037 0.9987 0.0004
0.9961 0.0006 0.0352
0.0255 0.9711 0.8657
0.0964 0.9523 0.0008
0.5236 0.0397 0.9694
0.0432 0.9527 0.0020
0.0100 0.9938 0.0071
0.5680 0.0546 0.0001
0.0891 0.9536 0.0008
0.0965 0.6529 0.8383
0.0153 0.9946 0.0000
0.2433 0.2528 0.5017
0.0348 0.0149 0.9999
0.6451 0.0298 0.9760
0.9891 0.0036 0.0077
0.0197 0.9903 0.0019
0.0030 0.9971 0.0001
0.0105 0.0728 0.9996
0.6024 0.8196 0.9993
0.5892 0.7905 0.0081
0.1696 0.0386 0.9453
0.1091 0.4273 0.9995
0.8818 0.0426 0.0040
0.4468 0.3024 0.9941
0.3343 0.0076 0.7017
0.8595 0.0318 0.9971
0.0108 0.9511 0.6151
0.1409 0.6770 0.9932
0.5946 0.1310 0.6502
0.0199 0.9734 0.0002
0.4025 0.0192 0.1710
0.9936 0.0006 0.8496
0.3533 0.9187 0.9914
0.4552 0.0055 0.7908
0.1327 0.0193 0.8431
0.0219 0.0076 0.9983
0.0139 0.9859 0.7212
0.3799 0.0033 0.9861
0.9934 0.0024 0.0000
0.1491 0.9751 0.7833
0.9998 0.0001 0.0023
0.3937 0.1536 0.9990
0.2681 0.9382 0.0033
0.0005 0.9994 0.0015
0.0239 0.0435 0.9996
0.0015 0.9887 0.6435
0.9567 0.0237 0.9715
0.0977 0.9664 0.0070
0.5943 0.8670 0.2874
0.9571 0.0232 0.0251
0.3209 0.0011 0.9957
0.8140 0.0031 0.6451
0.0177 0.0017 0.9980
0.0012 0.9983 0.0022
0.0173 0.9714 0.9989
0.0508 0.0115 0.9579
0.9991 0.0002 0.0021
0.0205 0.5117 0.5421
0.1234 0.0798 0.9973
0.0723 0.0099 0.9894
0.2001 0.0069 0.9992
0.0755 0.0031 0.8918
0.0646 0.2865 0.9947
0.9212 0.2075 0.0004
0.0327 0.9744 0.9994
0.0591 0.9620 0.9964
0.2416 0.8172 0.0009
0.2983 0.8187 0.8952
0.7179 0.1127 0.9921
0.9985 0.0009 0.9953
0.9898 0.0172 0.0087
0.9523 0.0586 0.0099
0.0026 0.9851 0.5589
0.1369 0.0845 0.3040
0.0002 0.9993 0.6722
0.0005 0.9974 0.9952
0.4241 0.4453 0.0007
0.8468 0.0034 0.9989
0.0520 0.0207 0.9933
0.5803 0.0634 0.0640
0.9578 0.0309 0.0061
0.2960 0.0068 0.9922
0.0743 0.0185 0.9999
0.9993 0.0002 0.9766
0.1114 0.5036 0.9926
0.9964 0.0002 0.0007
0.3432 0.2226 0.0076
0.3989 0.0068 0.9998
0.9993 0.0005 0.0021
0.3374 0.0213 0.9977
0.0407 0.9091 0.0001
0.0222 0.9695 0.0888
0.6897 0.0180 0.0061
0.0478 0.0423 0.9995
0.8519 0.0026 0.9996
0.0376 0.8444 0.4595
0.7087 0.2015 0.9762
0.8982 0.1455 0.9998
0.9529 0.1528 0.0047
0.0230 0.9700 0.9989
0.0313 0.1273 0.9997
0.8089 0.0157 0.9942
0.9046 0.2078 0.0051
0.9999 0.0001 0.0031
0.0180 0.9851 0.0012
0.2564 0.0087 0.9784
0.5036 0.0194 0.2128
0.8707 0.0626 0.9920
0.0297 0.0997 0.9637
0.0078 0.9962 0.0004
0.9898 0.0076 0.9965
0.3181 0.0859 0.9956
0.0363 0.6834 0.0002
0.2689 0.7424 0.7379
0.2650 0.6664 0.0189
0.5786 0.2518 0.9984
0.0726 0.9474 0.0013
0.3157 0.0812 0.9326
0.0039 0.0276 0.9983
0.0125 0.9597 0.2359
0.1716 0.8324 0.0001
0.9860 0.0065 0.0031
0.2477 0.5239 0.9530
0.7366 0.0692 0.9392
0.0625 0.6723 0.8309
0.0501 0.0256 0.9996
0.0242 0.6093 0.9691
0.9705 0.0030 0.9782
0.0873 0.0098 0.9998
0.6694 0.2104 0.0041
0.0017 0.9997 0.0001
0.0141 0.0173 0.9997
0.1159 0.0622 0.9980
0.2142 0.0082 0.9993
0.0386 0.0979 0.7844
0.9953 0.0019 0.0010
0.0468 0.0097 0.9975
0.2197 0.0057 0.9868
0.9785 0.0077 0.9925
0.7473 0.0066 0.9962
0.9964 0.0017 0.0017
0.0420 0.3481 0.9685
0.9678 0.0119 0.9860
0.0025 0.9985 0.0003
0.0020 0.9987 0.0018
0.1411 0.0041 0.8962
0.9998 0.0001 0.0005
0.0097 0.0134 0.9990
0.0043 0.8677 0.9903
0.1132 0.0711 0.9170
0.0100 0.0577 0.9985
0.7570 0.0280 0.6155
0.9999 0.0001 0.0002
0.0316 0.1195 0.9947
0.0375 0.0027 0.9976
0.1122 0.0425 0.7962
0.9949 0.0019 0.0040
0.9956 0.0027 0.0041
0.9999 0.0001 0.0056
0.0042 0.9836 0.0014
0.1764 0.0080 0.9291
0.0117 0.9983 0.0005
0.9958 0.0010 0.0388
0.0122 0.2803 0.9968
0.1582 0.8016 0.3528
0.9919 0.0025 0.9958
0.9842 0.0289 0.0103
0.5364 0.3688 0.9460
0.0701 0.2856 1.0000
0.3685 0.5926 0.9979
0.2373 0.5102 0.9997
0.0061 0.9721 0.9966
0.6524 0.2472 0.9974
0.0554 0.0323 0.9999
0.1164 0.9318 0.5550
0.0033 0.9690 0.0108
0.0105 0.8081 0.9998
0.0193 0.9396 0.9968
0.9818 0.0023 0.0003
0.8636 0.2800 0.0006
0.8387 0.0015 0.0006
0.0023 0.0735 0.9990
0.0475 0.0423 0.9984
0.9985 0.0005 0.0044
0.0057 0.9795 0.9512
0.3880 0.8605 0.0004
0.0035 0.0454 0.9995
0.0030 0.0324 0.9992
0.0583 0.9769 0.0070
0.6957 0.0138 0.6297
0.0896 0.8316 0.0013
0.0053 0.9926 0.0001
0.9615 0.0196 0.0039
0.5862 0.1906 0.9733
0.0623 0.8816 0.9440
0.0654 0.9031 0.9979
0.0032 0.9989 0.0065
0.0063 0.9529 0.9972
0.0004 0.9979 0.9909
0.3858 0.1536 0.0147
0.1188 0.5280 0.0003
0.1585 0.0076 0.9998
0.4787 0.0051 0.9949
0.5703 0.0536 0.9996
0.0062 0.1218 0.9992
0.0545 0.9374 0.9814
0.8202 0.0476 0.1903
0.0040 0.9981 0.9705
0.9834 0.0052 0.0702
0.1021 0.5229 0.0338
0.0042 0.1839 0.9996
0.9884 0.0081 0.0026
0.0052 0.0324 0.9986
0.9512 0.0405 0.9348
0.0428 0.6504 0.9967
0.0712 0.6377 0.9864
0.2413 0.4728 0.6950
0.9594 0.0113 0.0019
0.9996 0.0003 0.0082
0.0103 0.8390 0.9999
0.0077 0.9908 0.0022
0.0040 0.0906 0.9993
0.9966 0.0022 0.0000
0.5162 0.0170 0.8263
0.9394 0.0710 0.5041
0.2641 0.0059 0.1472
0.0004 0.0709 0.9999
0.0652 0.8112 0.8453
0.9267 0.1040 0.9398
0.1772 0.8637 0.3880
0.0075 0.9980 0.6666
0.1829 0.0238 0.9052
0.9668 0.0948 0.0004
0.0141 0.9873 0.3126
0.0404 0.5633 0.9998
0.0285 0.9867 0.0642
0.2133 0.8318 0.0066
0.0870 0.0457 0.9803
0.5613 0.0606 0.9985
0.0137 0.0990 0.9989
0.9972 0.0063 0.0004
0.9998 0.0000 0.0076
0.0957 0.5558 0.9978
0.8587 0.0622 0.3744
0.0788 0.0913 0.9943
0.0029 0.0910 1.0000
0.0377 0.9594 0.7645
0.0262 0.9959 0.0004
0.0072 0.9926 0.0030
0.0441 0.9529 0.9922
0.0013 0.0975 0.9998
0.0035 0.1860 0.9997
0.4732 0.2757 0.9762
0.0250 0.0509 0.9999
0.9871 0.0351 0.0006
0.0014 0.0191 0.9997
0.2657 0.0657 0.6093
0.2859 0.0445 0.7012
0.3312 0.8396 0.9369
0.9957 0.0014 0.0009
0.0053 0.6228 0.9832
0.0066 0.3475 0.9999
0.6524 0.0668 0.0042
0.0905 0.0303 0.9965
0.0875 0.0091 0.9995
0.6205 0.1069 0.8260
0.9987 0.0008 0.0031
0.0074 0.9951 0.9943
0.9852 0.0020 0.0000
0.0365 0.0121 0.9858
0.0029 0.9976 0.0002
0.9761 0.0053 0.0001
0.9407 0.0574 0.0004
0.0217 0.0817 0.9996
0.7312 0.0385 0.9532
0.0649 0.9424 0.3952
0.2484 0.0090 0.9579
0.0148 0.9815 0.9984
0.9876 0.0043 0.0052
0.7354 0.0534 0.1081
0.9866 0.0481 0.0002
0.8189 0.1551 0.3065
0.9043 0.0116 0.9735
0.0170 0.9916 0.9942
0.8213 0.0549 0.0102
0.0216 0.0530 0.9980
0.4584 0.0953 0.0075
0.0289 0.9438 0.9970
0.6878 0.1291 0.9957
0.2332 0.0101 0.9661
0.9964 0.0008 0.0276
0.7810 0.0988 0.9992
0.1411 0.0090 0.9995
0.2046 0.0021 0.9999
0.2826 0.9344 0.9708
0.9819 0.0285 0.8375
0.8878 0.0072 0.2438
0.5777 0.0962 0.3185
0.9513 0.0311 0.9329
0.0822 0.2001 0.9761
0.9965 0.0028 0.0001
0.2021 0.6465 0.9683
0.0441 0.8944 0.9896
0.0023 0.1431 0.9723
0.0695 0.8684 0.9836
0.7067 0.0530 0.0945
0.9955 0.0012 0.0137
0.3666 0.0010 0.9981
0.0238 0.0780 0.9993
0.6323 0.0051 0.0222
0.1018 0.8525 0.0067
0.8893 0.1536 0.0008
0.1264 0.9064 0.0038
0.9443 0.0707 0.6579
0.2190 0.2869 0.9966
0.0330 0.9897 0.0005
0.0304 0.0268 0.9983
0.0298 0.8467 0.1401
0.9836 0.0691 0.9003
0.9626 0.0076 0.0000
0.0018 0.9995 0.9845
0.0164 0.1262 0.9835
0.0420 0.9087 0.9614
0.0262 0.0205 0.9993
0.9946 0.0037 0.0016
0.0916 0.7811 0.9314
0.0184 0.9707 0.0008
0.0282 0.0139 0.9979
0.0782 0.8000 0.7077
0.9898 0.0027 0.0042
0.4090 0.0788 0.9810
0.9779 0.0269 0.0018
0.0365 0.0512 0.9997
0.8422 0.2283 0.0022
0.5667 0.3498 0.0054
0.0033 0.0717 0.9994
0.5968 0.2755 0.3016
0.1023 0.2539 0.9999
0.9887 0.0527 0.0001
0.2942 0.5944 0.2844
0.0020 0.0390 1.0000
0.9703 0.0084 0.0393
0.0641 0.9729 0.0000
0.0035 0.2013 0.9948
0.0153 0.0602 0.9492
0.9990 0.0001 0.0005
0.0233 0.0123 0.9987
0.0067 0.2142 0.9984
0.9718 0.1110 0.0003
0.0357 0.9936 0.0003
0.9996 0.0002 0.0009
0.5867 0.2497 0.9778
0.1272 0.0099 0.9978
0.5747 0.1292 0.0006
0.0034 0.9996 0.8775
0.0501 0.0175 0.9977
0.0496 0.1163 0.9994
0.1556 0.0366 0.9745
0.0654 0.9803 0.0011
0.0263 0.9858 0.0017
0.3736 0.4698 0.3048
0.9160 0.0450 0.9320
0.3352 0.1274 0.9987
0.0067 0.0131 0.9986
0.9842 0.0288 0.0489
0.0942 0.9286 0.9381
0.1410 0.8908 0.0041
0.9709 0.0688 0.9823
0.8729 0.1529 0.0031
0.9506 0.0037 0.9950
0.9870 0.0068 0.0005
0.3816 0.7176 0.8655
0.1890 0.0811 0.8968
0.0154 0.0119 0.9989
0.0185 0.9908 0.0004
0.0136 0.9176 0.9988
0.0265 0.1364 0.9983
0.1510 0.9069 0.6297
0.1517 0.0462 0.9956
0.0322 0.9971 0.0704
0.0390 0.0187 0.8709
0.3622 0.0496 0.9790
0.4078 0.6072 0.9480
0.7805 0.2178 0.0024
0.6393 0.0191 0.9981
0.0061 0.9972 0.0153
0.0555 0.9363 0.0114
0.0194 0.1884 0.9990
0.8287 0.0337 0.9903
0.9331 0.0558 0.0180
0.1884 0.7611 0.9765
0.7788 0.0614 0.9614
0.0073 0.1419 0.9998
0.4366 0.6215 0.0006
0.0084 0.2304 0.9950
0.9766 0.0053 0.0008
0.0113 0.2383 0.9990
0.1896 0.4991 0.9990
0.8142 0.0171 0.9840
0.8764 0.0091 0.9949
0.0882 0.8646 0.9786
0.0052 0.9942 0.0024
0.0159 0.9905 0.0065
0.0520 0.8852 0.0498
0.8433 0.0694 0.0001
0.0621 0.9785 0.0011
0.8300 0.0069 0.9525
0.0927 0.0102 0.9790
0.0312 0.0224 0.9883
0.4407 0.4186 0.0009
0.1173 0.9897 0.0027
0.6692 0.0961 0.0031
0.9812 0.0031 0.0048
0.0305 0.9834 0.0002
0.0176 0.3413 0.9998
0.9754 0.0193 0.0003
0.0172 0.9287 0.9601
0.1207 0.0009 0.9997
0.0010 0.1378 0.9985
0.0048 0.9854 1.0000
0.9297 0.0662 0.9234
0.9878 0.0016 0.9982
0.0021 0.0122 0.9999
0.1127 0.0106 0.9986
0.0101 0.0973 0.9996
0.0124 0.0626 0.9994
0.0335 0.9941 0.0002
0.9948 0.0057 0.0009
0.9759 0.0093 0.9970
0.5826 0.3708 0.9539
0.9467 0.0143 0.9990
0.7362 0.0760 0.9963
0.9652 0.0204 0.0038
0.0324 0.1272 0.9996
0.4124 0.0700 0.9758
0.9716 0.0020 0.0031
0.9883 0.0037 0.0206
0.3054 0.8129 0.0997
0.9576 0.0051 0.4215
0.4014 0.0116 0.6604
0.0118 0.8827 0.9983
0.9903 0.0056 0.0446
0.9016 0.0646 0.0006
0.0769 0.9505 0.9812
0.0083 0.9743 0.0001
0.9891 0.0019 0.0006
0.0095 0.7764 0.7104
0.9995 0.0003 0.0002
0.1747 0.0045 0.9887
0.2629 0.9102 0.2448
0.9818 0.0228 0.9965
0.9098 0.0818 0.0020
0.0010 0.9998 0.0002
0.1523 0.5464 0.9961
0.9480 0.0293 0.0849
0.1613 0.0313 0.9065
0.0652 0.0047 0.9992
0.8979 0.0092 0.9553
0.0005 0.2723 0.9997
0.3330 0.0685 0.9942
0.0557 0.0478 0.9995
0.2688 0.2435 0.8021
0.0472 0.0118 0.9970
0.8713 0.0630 0.9772
0.0167 0.7775 0.9888
0.0317 0.0206 0.9953
0.1308 0.0102 0.9719
0.1207 0.8335 0.0427
0.0116 0.0821 0.9961
0.9923 0.0045 0.0027
0.9997 0.0001 0.0063
0.0343 0.9652 0.9998
0.0391 0.9016 0.6300
0.8332 0.0080 0.0886
0.9899 0.0020 0.0027
0.9958 0.0052 0.0000
0.9931 0.0256 0.0002
0.0053 0.8124 0.8662
0.3878 0.7143 0.0169
0.9978 0.0129 0.0001
0.1326 0.8880 0.3250
0.9967 0.0037 0.0008
0.9960 0.0018 0.0002
0.2052 0.1856 0.9949
0.9282 0.0051 0.8707
0.0071 0.0666 0.9998
0.0374 0.8817 0.9959
0.1896 0.0087 0.9493
0.0923 0.6401 0.7621
0.7328 0.1641 0.0013
0.0229 0.0302 0.9965
0.0876 0.9627 0.0186
0.0072 0.0026 0.9926
0.0521 0.0029 0.9985
0.0149 0.9209 0.9920
0.6819 0.0366 0.9023
0.4495 0.2490 0.2979
0.9898 0.0384 0.0110
0.9933 0.0031 0.0867
0.0373 0.6357 0.8842
0.0156 0.0143 0.9995
0.9848 0.0062 0.9995
0.9012 0.1270 0.9970
0.9510 0.0020 0.9972
0.5577 0.5167 0.7356
0.9893 0.0041 0.9963
0.0221 0.9848 0.0004
0.0213 0.8187 0.4746
0.1275 0.0116 0.9900
0.0019 0.9970 0.9970
0.0063 0.9671 0.9617
0.0389 0.9652 0.8558
0.0182 0.9951 0.0036
0.0032 0.2524 0.9028
0.0065 0.9759 0.9956
0.0194 0.7462 0.6857
0.0204 0.0775 0.9997
0.0715 0.0004 0.9998
0.1895 0.9415 0.0006
0.0365 0.9642 0.0028
0.5706 0.3804 0.9858
0.0179 0.9574 0.0012
0.0074 0.9991 0.0000
0.0114 0.0363 0.9996
0.0114 0.2873 0.9856
0.0194 0.0298 0.9713
0.0074 0.9973 0.0000
0.1044 0.9571 0.3938
0.0816 0.8514 0.9718
0.0035 0.9984 0.0034
0.0506 0.9423 0.3541
0.0099 0.9842 0.0025
0.0327 0.0119 0.9977
0.9842 0.0012 0.9943
0.9993 0.0005 0.0001
0.3928 0.5700 0.5264
0.1910 0.0123 0.9634
0.9576 0.0082 0.5997
0.0109 0.0156 0.9999
0.9877 0.0213 0.0003
0.0251 0.6764 0.9997
0.8086 0.0059 0.9986
0.9977 0.0075 0.0994
0.8863 0.0746 0.8776
0.0401 0.9293 0.9669
0.1120 0.5055 0.9097
0.0849 0.9330 0.0004
0.0303 0.9819 0.0023
0.1305 0.0083 0.9976
0.0231 0.9730 0.9838
0.6803 0.4644 0.0024
0.9953 0.0082 0.9947
0.1618 0.0130 0.9936
0.6618 0.0293 0.9966
0.6649 0.0004 0.9999
0.0057 0.9439 0.9988
0.9796 0.0008 0.0319
0.9934 0.0004 0.9166
0.0196 0.9921 0.0074
0.8848 0.1709 0.8749
0.8871 0.0154 0.9739
0.8913 0.0599 0.0000
0.5433 0.0031 0.9948
0.0825 0.8611 0.0061
0.9918 0.0007 0.0001
0.0035 0.1514 0.9997
0.4124 0.0700 0.9931
0.8200 0.3052 0.0094
0.4093 0.0698 0.9733
0.5220 0.0008 0.9222
0.0354 0.7446 0.9996
0.4074 0.1326 0.4797
0.9087 0.0090 0.9651
0.0284 0.0871 0.9663
0.0542 0.0263 0.9991
0.7866 0.0534 0.0100
0.0164 0.9878 0.9902
0.0862 0.6321 0.0062
0.8202 0.1031 0.2539
0.0969 0.8495 0.8798
0.9491 0.0112 0.9900
0.9595 0.0238 0.9793
0.0109 0.0989 0.9985
0.8218 0.0897 0.0098
0.0305 0.6689 0.9998
0.8335 0.0893 0.9847
0.0731 0.4618 0.9680
0.0764 0.3966 0.8430
0.2256 0.8473 0.9194
0.8342 0.3967 0.9797
0.9792 0.0036 0.7891
0.9930 0.0115 0.0001
0.5842 0.1492 0.9951
0.0070 0.9890 0.9948
0.0154 0.2695 0.9987
0.0063 0.9944 0.9738
0.9700 0.0252 0.0002
0.7665 0.2841 0.0038
0.1854 0.1420 0.9399
0.3371 0.2291 0.9964
0.4495 0.0744 0.3832
0.6811 0.0004 0.9814
0.2070 0.9579 0.0017
0.9980 0.0004 0.0000
0.0530 0.1618 0.9986
0.2382 0.3737 0.1767
0.9198 0.0028 0.8287
0.5067 0.7025 0.0000
0.2257 0.0090 0.9345
0.8699 0.0120 0.2551
0.0818 0.0317 0.9989
0.0359 0.0165 0.9935
0.2304 0.0996 0.9998
0.0492 0.0031 0.9988
0.0031 0.9972 0.9995
0.9997 0.0003 0.0001
0.0992 0.5092 0.9937
0.0017 0.9991 0.9961
0.9926 0.0082 0.0001
0.0085 0.0930 0.9999
0.1293 0.1498 0.9849
0.0304 0.9081 0.0021
0.0616 0.9767 0.0007
0.6514 0.0252 0.0398
0.0061 0.9810 0.9997
0.8213 0.1437 0.0072
0.3706 0.0118 0.7342
0.6789 0.5479 0.0026
0.0324 0.0154 0.9996
0.0068 0.0225 0.9969
0.0806 0.9780 0.0000
0.0015 0.9999 0.9990
0.7174 0.0079 0.9980
0.0009 0.5247 0.9967
0.1292 0.0032 0.9964
0.3237 0.4044 0.9979
0.8745 0.0327 0.9772
0.9996 0.0005 0.0007
0.0110 0.9518 0.9940
0.2521 0.2383 0.9998
0.0458 0.9757 0.9997
0.0412 0.9636 0.0357
0.3253 0.8243 0.0061
0.0006 0.9997 0.0002
0.8696 0.0346 0.9958
0.7692 0.0188 0.9965
0.9152 0.1638 0.0011
0.0137 0.9960 0.1615
0.3877 0.0701 0.3769
0.0417 0.5825 0.9998
0.0309 0.0932 0.9948
0.2541 0.0115 0.9346
0.9988 0.0040 0.0011
0.3965 0.0013 0.9380
0.9753 0.0053 0.0027
0.2296 0.7465 0.9925
0.8436 0.4586 0.0048
0.9982 0.0016 0.0008
0.4243 0.1312 0.9988
0.4644 0.2342 0.8493
0.0590 0.9459 0.0003
0.9444 0.0940 0.0190
0.9656 0.0325 0.0077
0.0575 0.0501 0.9827
0.9988 0.0008 0.0000
